0.213417 0.481987 -0.849789
0.0709366 -0.0252741 0.997161
0.679296 0.499887 0.53728
-0.630308 -0.605189 -0.48627
0.0249215 -0.208825 0.977635
-0.0171717 -0.205264 0.978556
-0.234784 -0.291585 0.927284
-0.223949 -0.294583 0.929015
-0.686688 -0.726782 0.0157243
0.0508072 0.225644 -0.972884
0.114677 0.124971 -0.985511
-0.0720858 0.968598 0.237953
0.145933 0.896171 0.419024
0.365647 0.83895 0.403069
0.145524 0.373069 0.91632
0.0783032 -0.0702264 0.994453
-0.075967 -0.0952958 0.992546
-0.0570095 -0.082786 -0.994935
0.0318848 0.0115671 0.999425
0.374763 -0.775198 0.508547
-0.943388 -0.0581869 0.326547
-0.808267 0.559034 0.184892
0.458376 0.67751 -0.575214
0.559734 0.433755 -0.706084
0.467989 0.585723 -0.661752
0.117981 -0.762228 0.636467
0.0448106 -0.767544 0.639428
-0.45251 -0.865611 -0.214366
0.395309 0.567131 0.72256
0.349585 0.625397 0.697617
-0.553352 -0.559206 0.617325
-0.396105 -0.672177 0.625523
-0.056066 -0.197508 -0.978697
0.257403 0.835901 -0.484781
0.198857 0.871138 -0.44897
0.31543 -0.276486 -0.907777
0.805241 -0.0122883 0.59282
0.792553 0.00474397 0.609784
-0.0819724 0.742913 0.66435
-0.274409 0.626844 0.729223
-0.111642 0.057423 -0.992088
0.354055 0.850092 0.389857
0.0872308 0.253227 -0.963466
0.209089 0.152847 -0.965878
-0.628007 0.410598 -0.661072
-0.793491 0.0409206 -0.607204
-0.0845041 0.0160326 -0.996294
-0.0774221 0.0270319 -0.996632
0.155495 0.301793 -0.940607
0.451869 0.877785 -0.159084
0.0672297 0.987557 -0.142169
-0.470781 0.496988 -0.72895
0.506219 0.672964 0.539316
0.647673 0.566988 0.508964
-0.18438 -0.650834 0.736491
0.0978952 0.388552 -0.916212
0.21326 0.333892 -0.91817
0.241096 0.380076 -0.892981
0.659501 0.625237 -0.417298
-0.356538 -0.891348 -0.279962
-0.602083 -0.322977 -0.730193
-0.601902 -0.29967 -0.74021
-0.0609967 0.689512 -0.721701
0.205642 0.483236 -0.850996
0.417726 0.822226 0.386587
0.607665 0.649621 0.456876
-0.0784265 0.323934 0.942824
-0.0206436 -0.116775 -0.992944
-0.0285625 -0.00972043 -0.999545
0.387428 0.921669 -0.0206599
0.591341 0.805602 0.0363366
0.0687683 0.352308 0.933354
0.00466432 0.380581 0.924736
0.406603 0.751461 -0.519596
0.578867 0.665373 -0.471372
-0.831692 0.403606 -0.381301
0.24109 0.478733 -0.84421
0.343527 0.379701 -0.858963
0.821826 -0.42256 0.382158
0.177983 0.284527 -0.942001
0.573679 0.698542 -0.427705
-0.736649 -0.676257 -0.00494262
0.197062 0.140866 -0.970218
0.0762239 0.256155 -0.963626
0.569695 0.81847 0.0745337
0.307526 0.399002 0.863843
-0.656245 0.294394 0.694748
-0.115844 -0.0986337 -0.988358
-0.100822 -0.142415 -0.984659
-0.546583 -0.674243 -0.496632
-0.512341 -0.700083 -0.497384
-0.063606 0.150897 -0.986501
0.00110966 -0.029637 -0.99956
-0.315934 -0.606768 -0.729396
0.122604 0.245145 0.961703
0.165202 0.195992 0.966589
-0.178989 -0.460967 0.869179
-0.220587 -0.405431 0.887111
-0.209227 -0.64186 0.737726
-0.146064 0.0318628 -0.988762
-0.485965 -0.387074 -0.783589
0.123429 0.160307 -0.97932
0.456328 0.0207411 -0.88957
0.444189 0.244544 -0.861913
0.430805 0.427309 0.794868
-0.281319 -0.925922 -0.252048
0.420163 0.592886 -0.686986
0.501618 -0.841645 0.200035
-0.968539 -0.248646 0.0103499
-0.924649 -0.38036 0.0187281
0.0586074 -0.185907 -0.980818
-0.106266 -0.0724245 -0.991697
-0.47391 0.392661 -0.788179
-0.567125 -0.685215 -0.457001
-0.10445 -0.102433 -0.989241
0.209744 0.664983 0.716802
-0.0105321 0.720448 0.693429
0.444301 0.495871 0.746129
0.379613 0.567659 0.730519
0.121016 0.192907 0.973726
0.163323 0.139645 0.97664
0.33274 0.82311 -0.46019
-0.311585 -0.203367 0.928201
-0.391963 0.547861 0.739063
-0.0155047 -0.0617038 0.997974
0.368605 0.390867 -0.843418
0.488363 0.335222 -0.805685
-0.00627775 -0.0433959 0.999038
0.370012 0.372985 -0.850866
-0.747137 -0.517271 0.417393
0.259253 0.368814 -0.892616
0.310766 0.319409 -0.895211
0.0973183 0.13011 -0.986712
-0.0534343 -0.434069 0.899294
-0.0643502 0.726216 0.684448
0.848753 -0.477295 -0.227614
-0.160229 -0.585719 -0.794519
-0.153437 -0.59065 -0.792206
-0.112183 -0.949041 0.294511
-0.0619386 -0.956586 0.284792
-0.22901 -0.964451 0.131864
0.26023 0.398947 -0.879273
0.225044 0.408419 -0.884618
-0.142402 -0.113908 -0.983233
0.285236 0.737065 -0.612678
0.377351 0.726251 -0.574601
0.375824 0.587093 -0.716992
0.319104 0.596 -0.736856
0.0589389 0.307687 -0.94966
0.166718 0.226357 -0.959671
-0.441514 -0.513316 0.735916
-0.0236324 -0.0575238 0.998064
-0.0397289 0.0318714 0.998702
-0.0391993 0.0317639 0.998726
-0.0942922 0.246424 -0.964564
-0.210838 0.0828011 -0.974008
0.92542 0.351388 0.141857
0.737032 0.462927 0.492425
0.261181 0.499256 -0.826152
0.292167 0.489666 -0.821502
0.00266 -0.910013 -0.41457
0.151348 -0.837286 -0.525401
0.00367126 -0.105861 -0.994374
0.0537144 0.0474189 -0.99743
0.271723 0.402013 0.874387
0.315129 0.320197 0.893402
-0.699367 0.194459 -0.687802
-0.678888 -0.0974565 -0.727745
0.394503 0.49206 0.776044
0.263017 0.260411 0.928982
0.216583 0.283268 0.934265
0.757421 -0.649523 -0.0665831
0.732112 -0.677109 -0.0744014
0.282049 0.472406 0.835034
0.405223 0.238021 0.882689
0.35602 0.294971 0.886703
0.150903 0.367453 0.917718
-0.00313063 -0.0434109 0.999052
-0.0379759 0.00427602 0.99927
0.216993 0.189015 0.957699
0.455778 0.391599 0.799322
0.459914 0.387204 0.799094
0.194391 -0.354245 0.914725
0.13886 -0.362569 0.921554
0.081135 -0.73382 -0.674481
0.406684 0.0233413 0.913271
0.25463 0.299609 0.919455
-0.381874 -0.534997 -0.753625
-0.178439 -0.566102 -0.804791
0.159892 0.446381 -0.880442
0.297134 0.385238 -0.873672
0.0683262 -0.99671 -0.0435997
0.0683585 -0.996708 -0.0436026
0.810058 -0.534858 -0.240276
-0.281674 0.772232 -0.569489
0.432366 -0.634293 0.640884
-0.42288 -0.3816 -0.82192
0.895529 0.187828 0.403421
0.750657 0.369394 0.547779
-0.552904 0.762625 0.335709
-0.670173 -0.553792 0.494148
0.699836 0.702309 0.13035
0.780577 0.621972 0.062049
0.518965 0.845014 0.128943
0.368554 -0.77698 0.510362
-0.153706 0.86859 0.47109
-0.22421 0.871019 0.4371
-0.755606 -0.347936 0.554977
0.776069 0.253607 -0.577409
0.785464 0.409969 -0.46365
0.281715 0.580415 -0.764039
0.333344 0.568259 -0.752305
-0.296897 -0.408284 -0.863224
0.266619 0.758366 -0.594807
0.0847272 0.789232 -0.608222
0.186252 0.590386 -0.785337
0.285375 0.571301 -0.76953
0.480032 0.81778 -0.317498
0.735107 0.587313 -0.338646
-0.487443 0.818499 -0.304069
0.0929445 0.834215 -0.543551
-0.16109 -0.468486 0.86866
-0.203384 0.953237 -0.223549
0.214978 0.921777 -0.322663
0.506338 0.209465 -0.836508
0.376963 0.0882727 0.922012
-0.69758 -0.200975 -0.687743
0.229937 -0.209524 -0.950383
0.156996 -0.345189 -0.925309
-0.674951 -0.238336 -0.69831
0.0474217 0.120331 0.991601
0.102692 0.0594799 0.992933
0.435581 0.220897 0.872625
0.392685 0.264515 0.880812
0.995329 0.0754562 -0.06022
-0.0029035 0.18993 -0.981793
0.0113657 0.204778 -0.978742
0.327721 0.387922 -0.861461
-0.0336381 0.294926 0.954928
0.40778 0.425396 -0.807932
0.340323 0.504654 -0.793413
0.464784 -0.763948 -0.447616
0.549034 -0.726547 -0.413147
-0.454143 -0.502921 0.735408
0.302491 0.473623 -0.827152
0.426557 0.536961 -0.72782
0.0811436 0.283972 -0.955393
-0.0861811 0.340159 -0.936411
-0.781851 -0.554763 -0.284512
-0.800679 -0.521719 -0.294485
-0.428064 -0.313274 0.847715
-0.424512 -0.317023 0.848107
-0.40991 -0.402687 -0.818424
0.899143 0.437533 -0.010362
0.995162 0.00848948 -0.09788
-0.775656 -0.31336 0.547872
0.273971 -0.930758 0.242134
0.197633 -0.946962 0.253385
0.664125 -0.125594 -0.736997
0.757169 0.274627 -0.592685
-0.904446 0.0928525 -0.416361
-0.898571 0.188082 -0.396479
0.248925 -0.279176 0.927414
-0.655241 0.384077 0.650495
-0.73867 0.324485 0.590827
-0.116288 -0.845916 -0.520484
-0.101864 -0.849861 -0.517069
-0.474717 0.647934 -0.595672
-0.81734 -0.133254 -0.560535
-0.932899 -0.344826 -0.103893
0.228863 -0.327637 -0.916666
0.0497871 0.146515 -0.987955
0.0537345 0.00911128 -0.998514
0.893824 0.18038 0.410538
0.457954 0.107056 0.882506
-0.543734 -0.47567 0.691442
-0.718088 -0.212301 0.662781
-0.301215 0.633248 0.712928
0.128432 -0.0854189 0.988033
0.00625916 -0.108083 0.994122
-0.299559 0.744304 0.596888
-0.232287 -0.268665 0.934806
0.0556121 -0.211957 -0.975695
0.543029 0.79563 -0.268501
0.551341 0.78422 -0.284644
0.347274 0.885026 -0.31005
-0.766988 -0.441943 0.465206
-0.73141 -0.535788 0.421865
0.630418 -0.51898 0.577263
0.132874 -0.921283 -0.36549
-0.26113 -0.941985 -0.210892
-0.899115 -0.427599 -0.0935444
0.375748 0.0807042 0.923201
0.529136 -0.0127821 0.848441
0.265043 0.389288 0.88216
0.679985 0.606572 0.411935
0.663094 -0.164621 0.73021
0.662125 -0.261686 0.702219
-0.027851 0.311405 0.949869
0.780526 -0.523286 0.341981
0.185824 -0.283267 0.940866
0.239511 -0.301345 -0.922944
0.801264 -0.0386992 0.597058
-0.0270808 0.687935 -0.725267
-0.0580312 0.320567 0.945447
-0.0915806 0.278348 0.956104
-0.183782 0.46948 -0.863604
0.0601769 0.198897 0.978171
-0.0958998 0.121879 0.987901
-0.277339 0.811668 0.514081
-0.410192 0.737504 0.536498
-0.512606 0.820115 0.254256
-0.767546 0.607033 0.205874
-0.0913861 0.136765 0.986379
0.609083 -0.784186 0.118616
-0.152263 -0.383783 0.910784
0.0985014 -0.414527 0.904691
0.55586 -0.385449 -0.736511
0.0847902 0.693165 0.715774
-0.0981711 0.0778704 -0.992118
-0.103124 0.0779859 -0.991607
-0.593435 0.716402 0.366883
0.975658 -0.0658942 -0.209162
0.969872 0.0249496 -0.242333
0.145345 -0.821563 -0.55128
0.276321 -0.76348 -0.583734
0.458653 0.39691 -0.795047
-0.0871735 0.772588 -0.628895
-0.146164 0.752022 -0.642728
0.213501 -0.501821 0.838208
0.101052 -0.516303 0.850423
0.339354 0.467052 -0.816518
0.59285 -0.493074 -0.636716
-0.996579 0.040999 -0.0717591
-0.996483 -0.0486515 -0.0682229
-0.133137 0.359602 0.923559
0.179877 0.463216 0.867799
-0.0802575 0.277757 0.957293
-0.742434 0.620128 0.253441
-0.640757 0.747653 0.174484
-0.404965 0.912492 -0.0579821
-0.710567 0.595046 -0.37552
-0.958844 -0.11358 0.260225
0.0829349 -0.838925 0.53789
-0.284561 -0.854469 0.434634
0.77126 0.284812 -0.569245
-0.98814 -0.0181788 -0.152476
-0.136601 0.301639 -0.943586
-0.0682979 0.0263793 0.997316
-0.296692 0.0420043 -0.954049
-0.15879 -0.103204 -0.981904
0.499571 0.357524 -0.789053
-0.520833 0.362177 -0.773021
0.490793 -0.716267 -0.496069
-0.402414 -0.822442 0.402061
-0.380121 -0.825694 0.416818
0.327001 -0.100714 -0.939642
0.396473 -0.912139 -0.103981
0.347678 -0.931325 -0.108418
0.627071 -0.767499 0.133147
0.570679 -0.582101 0.57921
-0.205856 0.0857167 0.974821
-0.174698 -0.0318931 0.984105
0.242488 -0.509805 0.825408
0.394898 -0.383485 0.834862
0.856644 0.493513 0.15035
-0.274318 0.960377 -0.0492532
-0.618001 0.785249 -0.0381804
-0.907093 0.420862 0.00752567
-0.657767 0.747622 -0.091671
0.355252 -0.324851 -0.876509
0.118577 -0.399213 -0.909158
-0.933967 0.357275 0.00778987
0.782004 0.272677 0.560461
0.782222 0.277244 0.55791
0.478377 -0.680526 0.555013
-0.375575 0.924876 -0.0595658
-0.650905 0.752181 -0.102695
-0.0294648 -0.451681 -0.891693
0.16344 -0.367253 -0.915649
0.138324 0.951675 0.274192
-0.946588 0.312241 0.0804751
-0.95932 0.275609 0.0611961
0.0629441 -0.0278894 -0.997627
-0.0604926 0.0323951 -0.997643
0.689261 -0.213109 -0.692462
0.698446 -0.367806 -0.613915
-0.138208 0.950044 0.279848
0.205449 0.602245 0.771422
0.512881 -0.668224 0.538915
0.653231 -0.441247 0.615297
-0.317934 -0.264668 0.910422
0.898911 -0.413678 0.144328
0.917611 -0.352722 0.183243
-0.0399421 0.100928 0.994092
-0.110662 0.0536685 0.992408
0.491437 -0.0204738 -0.870672
0.491799 0.0429607 -0.869648
-0.847069 0.485302 0.216695
0.357286 0.898447 0.255225
0.478023 -0.0748944 0.875148
0.212542 -0.966224 0.145726
-0.0593832 -0.997867 -0.027115
0.78362 0.243046 -0.571724
-0.636412 0.746032 -0.196002
-0.663482 0.725963 -0.181023
-0.40405 0.160897 0.900475
-0.142994 0.276948 0.950186
0.833708 -0.52029 -0.185013
0.309312 -0.924135 -0.224279
0.860271 -0.492148 -0.133131
0.943583 -0.142486 -0.298912
0.984554 0.0633609 -0.163213
-0.248512 0.946 0.20815
-0.496304 0.790444 0.358999
0.361144 0.102749 0.926832
-0.226019 0.219567 -0.949055
-0.096317 0.289368 -0.95236
-0.644906 -0.107252 -0.756699
-0.573257 -0.252839 -0.77939
-0.805851 0.0676442 -0.588242
-0.4701 0.49762 -0.728958
-0.243222 0.153942 -0.957677
0.341515 0.909225 0.238069
-0.4179 0.715911 -0.559313
-0.0984042 0.0370989 -0.994455
0.188797 -0.0959289 -0.977319
-0.0655111 -0.205292 -0.976506
-0.497203 0.857034 -0.13521
-0.0230939 -0.294203 -0.955464
0.0188024 -0.312326 -0.949789
0.399192 0.057343 0.915072
-0.739831 -0.360619 0.567982
-0.889135 0.0866572 0.449365
-0.304362 -0.231636 0.923964
-0.414716 -0.162242 0.89537
-0.628493 -0.157529 0.761696
-0.636422 -0.0610789 0.768919
-0.221245 0.00392341 0.97521
-0.162625 0.114011 0.980079
-0.194216 -0.0537432 0.979485
0.518144 -0.187923 -0.834393
0.346236 -0.256743 -0.902332
0.532435 0.0145695 -0.846345
-0.392595 -0.620629 -0.678741
-0.688475 -0.420044 -0.59124
0.504558 -0.580563 0.639037
0.983194 -0.166019 0.0759456
0.443594 0.449971 -0.775081
0.629062 0.0371768 -0.776466
0.636844 0.0935356 -0.765298
0.0105476 -0.311112 0.950315
0.153637 -0.353228 0.922836
-0.523125 0.589094 0.61588
-0.762977 0.324231 0.559232
-0.0727372 0.135509 0.988102
-0.960545 0.171871 -0.218662
0.0895612 -0.217106 -0.972031
0.0664254 -0.26881 -0.9609
-0.329699 0.577854 0.746581
-0.554745 0.428842 0.712988
0.52123 -0.659248 -0.541952
0.572371 -0.631241 -0.52338
0.825507 0.454968 -0.333979
-0.299439 0.142454 0.943421
-0.0205342 0.195954 0.980398
-0.553474 0.827491 -0.0944739
0.126467 -0.861384 0.49196
-0.317296 0.943672 -0.0938419
-0.552018 0.560737 -0.617131
0.862651 -0.245745 0.442089
0.924408 -0.120286 0.361942
0.240384 -0.366276 0.89892
0.379753 -0.196132 0.904057
-0.797181 0.595699 0.0982065
-0.772345 0.539412 -0.335438
-0.841191 0.0291944 0.539949
-0.645659 0.51411 0.564637
-0.802647 0.43853 -0.404289
0.693205 -0.547185 0.469101
-0.717889 0.210268 0.663644
-0.710965 0.164515 0.683713
-0.97691 0.140068 0.16133
-0.791518 -0.0996111 -0.602973
0.34012 -0.680234 -0.649307
0.01 0.104706 -0.994453
0.738899 0.336065 0.584027
0.0565083 0.152819 0.986637
0.251477 -0.277766 0.927149
-0.115855 -0.291902 0.949405
0.0374341 -0.28634 0.957396
-0.334229 -0.177826 0.925564
0.496169 0.376061 -0.782556
-0.0776272 -0.0215172 -0.99675
0.110871 -0.100119 -0.988779
0.0869429 0.0930997 -0.991854
0.0407617 0.101066 -0.994044
0.112493 -0.100042 0.988604
0.260717 -0.122656 0.957592
0.0927015 -0.15352 0.983788
-0.10678 -0.393241 -0.913214
-0.271709 -0.439338 -0.856246
-0.369328 -0.331852 -0.868027
-0.463865 -0.792899 0.395145
-0.695811 -0.458084 0.553179
0.4901 0.80581 -0.332374
0.510302 0.765367 -0.392179
0.300395 0.565786 -0.767886
0.293589 0.56837 -0.76861
-0.724913 -0.65343 -0.218014
0.332092 -0.940457 0.0724924
0.166074 0.954811 0.246486
-0.181829 -0.194495 -0.963903
-0.202593 -0.148001 -0.968014
0.304438 0.119369 -0.945023
0.287285 0.164072 -0.943688
0.974402 0.213835 -0.0693987
-0.566279 0.752141 0.337065
0.473472 -0.0384827 0.879968
0.258146 -0.271384 0.927206
-0.492481 0.223424 -0.841156
-0.842817 -0.0377333 0.536875
-0.659381 0.361349 -0.659275
-0.723723 0.134461 -0.676864
-0.536704 0.0806088 -0.839911
0.364662 0.571101 0.735435
0.0987071 0.134779 0.985947
0.280245 0.62391 0.729519
-0.693782 -0.713757 -0.0960075
0.330564 -0.0797048 -0.940412
-0.323525 -0.823638 0.465781
-0.0922416 0.969122 -0.228681
-0.242678 -0.357553 0.901811
-0.264978 -0.284703 0.921266
-0.468762 -0.0414158 -0.882353
-0.00442113 0.694876 -0.719116
0.000606655 0.279553 -0.96013
-0.0514068 0.247047 -0.967639
0.0170737 0.976316 0.215673
-0.0528424 0.976277 -0.209977
0.0907567 0.932767 -0.348868
-0.151549 0.307388 0.939439
0.136558 0.934503 -0.328718
-0.34541 0.716376 -0.606216
-0.277316 0.812764 -0.512358
-0.192892 0.468229 -0.862296
0.0781574 0.625927 -0.775955
0.0959039 0.62592 -0.773968
-0.200018 0.0886238 0.975776
0.46485 -0.432618 0.7725
0.655094 -0.221504 0.722349
0.203241 -0.0835998 0.975553
0.148228 -0.174066 0.973514
-0.449171 0.446449 0.773905
-0.379811 0.500783 0.777792
-0.177702 0.258538 0.949516
-0.437611 0.518355 0.734714
0.549662 -0.808782 0.209147
-0.395607 -0.858049 -0.327487
0.418588 -0.7633 0.492095
0.272022 -0.774365 0.571282
0.976867 0.205044 -0.06072
0.840929 0.17464 0.512191
-0.235958 -0.0604064 0.969884
-0.179406 0.0712015 0.981195
0.759352 0.56836 -0.316783
0.195675 0.0291638 0.980235
0.189474 -0.0833716 0.97834
-0.0323761 -0.160321 0.986534
-0.161723 -0.00140198 0.986835
-0.867363 -0.21848 -0.447156
-0.916017 0.003583 -0.401123
0.576241 0.575846 0.579955
0.47273 0.705361 0.528196
-0.197343 -0.107205 0.974455
-0.415265 -0.0507586 0.908283
-0.303165 0.192224 0.933349
-0.435776 0.146589 0.888038
0.735388 0.478302 0.480032
0.732149 0.481397 0.481886
0.566493 0.805369 0.174547
0.625618 -0.192544 0.755995
0.554655 -0.343151 0.758027
0.924134 0.377451 0.0592309
0.919299 0.390186 0.0514281
0.723 0.677532 -0.134982
0.773974 0.606045 -0.183503
0.75065 0.632783 -0.190028
-0.0203994 0.0714932 -0.997232
-0.139742 -0.129198 -0.981723
0.809364 -0.188913 -0.556095
0.802545 -0.287811 -0.522577
0.94897 -0.31021 0.0567956
-0.855417 -0.514859 0.0564139
-0.982119 -0.065745 -0.176409
0.213077 -0.712412 -0.668631
-0.52603 -0.848117 0.0631635
-0.655063 -0.75089 0.0840064
-0.628025 -0.682694 0.373515
0.0875285 0.781494 0.617743
0.0853767 0.167155 0.982227
0.237499 0.59639 0.766755
-0.126167 0.291849 0.948107
-0.369645 0.577184 -0.728163
-0.627564 0.336748 -0.701972
-0.0658359 0.245726 -0.967101
