-0.0983238 -0.84111 0.531852
0.0412533 -0.811492 0.582905
-0.111293 -0.429856 0.896012
-0.135304 -0.170597 0.976007
-0.0581883 -0.217224 0.974386
0.0822775 0.239703 0.967354
0.0537517 -0.27682 0.959417
-0.109434 -0.25107 0.961763
-0.0519719 -0.0877717 0.994784
-0.0294596 -0.0897331 0.99553
-0.356608 0.71276 0.60399
0.313397 0.577438 0.753888
-0.264706 -0.0896619 0.960152
-0.207247 -0.264987 0.941717
-0.170222 0.928553 0.32987
-0.683105 0.462014 0.565607
0.135612 0.437434 0.888966
-0.23417 -0.413983 0.879649
-0.135594 -0.426927 0.894062
-0.169233 -0.4296 0.88702
-0.197546 -0.4547 0.86846
-0.157055 -0.448996 0.879623
0.159357 0.09702 0.982442
0.082486 0.150672 0.985137
-0.0781179 -0.207205 0.975174
-0.0516913 -0.245765 0.96795
-0.491389 -0.770792 0.405484
0.990957 0.00646506 0.134026
0.349473 0.423615 -0.835715
0.0495651 0.0320166 0.998258
0.690464 0.709063 0.143138
0.727892 0.676089 0.114357
-0.000234277 0.0364799 0.999334
-0.000710425 0.0363539 0.999339
0.0589511 0.0334381 0.997701
0.0153441 0.0746202 0.997094
-0.269605 0.187914 -0.944458
0.789824 0.532764 -0.303876
0.624212 0.690311 0.365828
0.20617 0.972642 -0.107056
-0.390352 0.0604952 -0.918676
0.156108 0.705673 0.691127
-0.0785493 -0.341148 0.936722
-0.110691 -0.329054 0.937801
0.0540865 -0.377119 0.924584
0.352966 -0.292903 0.888607
-0.136245 -0.269473 0.953321
-0.107979 -0.295421 0.949245
-0.419511 0.467679 0.778002
0.629364 -0.753682 -0.18938
-0.314021 -0.0390101 -0.948614
-0.207283 -0.178401 -0.961877
0.107636 -0.0685247 0.991826
-0.0400672 -0.105756 0.993585
0.262058 0.119587 0.957614
0.246245 0.130762 0.960346
-0.0298922 -0.238872 0.970591
-0.342752 -0.100689 0.934014
-0.326726 0.0468631 0.943957
0.121789 0.832039 0.541182
0.0462016 0.833377 0.550771
0.675076 -0.458134 0.57826
0.0857272 0.240894 0.966758
-0.0403167 0.998449 -0.0383914
0.0129843 -0.345857 0.938198
0.112536 -0.313534 0.942885
-0.0213375 0.563856 0.825598
0.00361823 0.0461896 0.998926
0.0264966 0.0394126 0.998872
0.0189216 0.0615616 0.997924
-0.00782993 -0.0931056 0.995625
-0.722932 -0.403257 0.561029
-0.467067 -0.780003 0.416467
-0.0129164 -0.158607 0.987257
-0.0316156 -0.141455 0.98944
0.0743546 0.444324 0.892775
0.0621909 0.455615 0.888002
0.336434 -0.941655 -0.00987754
-0.0217902 -0.101907 0.994555
0.0273581 -0.115354 0.992948
0.594289 0.801235 -0.0695907
-0.230259 0.486157 0.84299
-0.119967 0.510372 0.851545
0.182003 0.325694 0.927792
0.140535 0.343167 0.928701
0.228358 -0.436122 0.870431
0.101303 -0.484594 0.868853
0.343292 0.501212 0.794316
0.320559 0.521279 0.790892
-0.106787 -0.517221 0.849164
-0.134661 -0.42892 0.893249
-0.093464 -0.387382 0.91717
-0.0521301 -0.423091 0.904586
-0.12068 -0.315443 0.94124
-0.0595798 -0.311683 0.948317
-0.0707373 0.997054 -0.0296511
-0.399699 0.475261 0.783816
0.203203 -0.864126 0.460429
-0.622226 0.0828182 0.778444
-0.617775 0.151826 0.771559
-0.801428 -0.210504 0.559823
-0.813403 -0.0733065 0.577063
-0.0348474 0.884899 0.464478
0.109372 -0.636255 0.763687
0.0652441 -0.619781 0.782058
0.0570623 0.200548 0.978021
0.0160043 0.214897 0.976506
-0.953115 0.214108 0.213845
-0.933144 0.301616 0.195629
-0.012685 0.391022 0.920294
0.145541 0.397473 0.905998
0.72916 0.235003 0.642728
0.0798828 0.241204 0.967181
0.24321 0.727986 0.641003
-0.0594184 -0.281549 0.957705
-0.0210629 -0.296401 0.954831
-0.188577 -0.520727 0.832636
-0.126688 -0.524525 0.841917
-0.0926288 -0.499234 0.861502
-0.185684 -0.374956 -0.908256
-0.377533 -0.153438 -0.913195
0.740418 0.61517 -0.270828
-0.888499 -0.287662 -0.357519
-0.913407 0.23925 -0.329313
-0.0307504 0.560605 0.827512
-0.0147361 -0.19123 -0.981435
0.160706 0.00801147 -0.98697
-0.0161567 -0.161555 0.986731
-0.605402 -0.43301 -0.667825
-0.210039 -0.687446 -0.695199
0.2065 0.145538 0.967562
-0.015447 0.253244 0.967279
-0.0169434 -0.0904149 0.99576
-0.0325018 -0.979533 0.198643
-0.347573 -0.930839 0.112836
0.493438 0.793963 0.355164
0.162509 0.704167 0.691187
-0.0639453 -0.223725 0.972552
-0.0475848 -0.207945 0.976982
0.488212 -0.614066 -0.620139
-0.484156 0.678899 0.551987
-0.396021 0.760993 0.513865
0.329325 0.149313 0.932336
0.278876 0.191286 0.941083
-0.058935 -0.31228 0.94816
-0.103046 -0.154058 0.982674
-0.035829 -0.229021 0.972762
-0.0585176 -0.232338 0.970873
0.0687053 -0.556038 0.828312
-0.0866788 -0.622557 0.777759
0.561934 0.475651 -0.676746
-0.209852 0.96273 -0.170626
0.0705711 0.240776 0.968012
0.0655793 0.251139 0.965727
-0.0701972 -0.157044 0.985094
0.386227 0.503427 0.77291
-0.0270338 -0.038296 0.998901
0.0181304 -0.0496955 0.9986
0.517539 -0.200247 -0.831899
0.527922 -0.096202 -0.843827
-0.27001 0.647591 -0.712545
-0.264011 -0.544393 0.7962
-0.170973 -0.550271 0.817295
0.178112 0.922709 0.341884
-0.247672 -0.266641 0.93143
-0.161522 -0.395981 0.903941
-0.337677 -0.627062 0.701974
-0.498703 -0.542519 0.675995
-0.540825 -0.621601 -0.566675
-0.741803 -0.462043 -0.48605
-0.130531 -0.303842 0.943738
-0.11035 -0.38208 0.917517
-0.125115 -0.37462 0.918698
-0.342895 -0.61014 0.71425
-0.249399 -0.65829 0.710249
-0.121238 -0.386814 0.914153
-0.184562 -0.675024 0.714339
-0.0883614 -0.670962 0.736208
0.562304 0.47508 -0.67684
-0.121034 -0.387028 0.91409
-0.136933 -0.499955 0.855157
-0.126667 -0.46242 0.877567
-0.00375653 -0.479656 0.877448
0.486113 -0.464902 0.739973
0.658169 -0.162344 0.735159
-0.0305314 -0.0879819 0.995654
0.305783 0.581594 0.753821
-0.0889872 0.0868703 -0.992237
0.0255298 -0.107761 -0.993849
0.0333097 0.0625671 0.997485
0.320192 0.831613 0.453759
-0.513496 0.148924 -0.84507
-0.271162 0.430474 -0.860908
0.419738 0.799037 0.430534
0.340444 0.601406 -0.722779
-0.252624 -0.629646 0.734661
-0.308411 -0.0294042 -0.950799
0.146 0.480788 0.864596
0.184025 0.468907 0.863864
0.0214206 0.062819 0.997795
0.0309173 0.0652789 0.997388
-0.15431 0.421757 -0.893482
-0.324509 0.173354 -0.929861
-0.845838 0.37904 -0.375349
0.921251 0.0814396 -0.380347
0.915234 0.115678 -0.38596
-0.148098 -0.931248 0.332933
0.17132 -0.910686 0.375901
-0.0657137 0.118663 0.990758
0.0493638 0.135424 0.989557
0.740216 -0.318465 0.592166
-0.810235 0.582855 0.0616336
0.0677389 -0.555945 0.828454
0.105418 0.0922381 0.990141
0.0557652 0.106349 0.992764
0.102752 -0.725904 0.680077
-0.0414588 -0.739957 0.671375
0.580196 -0.39006 0.715001
-0.0182395 0.0534028 0.998406
-0.0150269 0.0549046 0.998379
0.0453669 0.109314 0.992971
-0.0138475 0.0920043 0.995662
-0.160385 0.167512 0.972737
-0.0320888 0.160789 0.986467
0.0253096 -0.129078 0.991311
-0.0656523 -0.0884363 0.993916
0.322803 -0.371538 0.870493
0.465422 -0.303443 0.831447
0.0574362 0.444078 0.894145
-0.0186148 0.195875 0.980452
0.0481329 0.219401 0.974447
-0.139978 0.626335 0.766884
-0.729211 -0.68067 -0.0702767
-0.0293454 -0.0786278 0.996472
-0.632661 -0.764315 -0.124749
-0.397059 -0.917667 0.0152025
0.166541 -0.120531 -0.97864
0.164793 -0.174897 -0.970698
0.535723 0.7326 0.41988
0.93071 -0.362639 0.0476663
-0.0140797 -0.477256 0.878651
-0.239989 -0.656998 0.714674
-0.189548 -0.886614 -0.421886
-0.523357 -0.716323 -0.461496
0.519131 0.841854 -0.147595
0.155512 0.224436 -0.962
0.23132 0.136785 -0.963214
-0.248543 0.0331697 0.968053
0.0138127 0.889917 0.455913
-0.225517 -0.808837 0.543069
-0.219102 -0.813857 0.538174
-0.302591 -0.831663 0.465591
-0.500419 -0.759569 0.415496
-0.186594 0.458897 -0.868675
-0.280241 -0.958831 -0.0459153
-0.119194 -0.650689 0.749931
-0.0655724 -0.638629 0.766716
0.350672 -0.774682 -0.526211
0.097081 -0.792771 -0.601738
-0.764938 0.161968 -0.623407
0.0497915 -0.0686151 -0.9964
-0.1027 0.0545936 -0.993213
0.178314 -0.13312 0.974927
0.00677646 -0.203909 0.978966
-0.0397 -0.316772 0.947671
-0.093905 0.00839104 0.995546
0.0193606 0.100793 0.994719
-0.35023 0.276985 -0.894773
-0.0899407 -0.508349 0.856442
0.787463 0.187331 -0.587204
0.441004 -0.896709 -0.0377945
0.0187847 -0.622957 0.782031
0.491247 -0.870627 0.0261567
-0.540267 0.156728 0.826769
0.0306226 -0.864766 0.50124
0.240089 -0.83756 0.490765
0.287283 -0.828769 -0.480219
0.620952 -0.641738 -0.450101
0.606197 -0.627837 0.488206
-0.111957 -0.0525208 0.992324
0.30785 -0.505897 0.80579
-0.901601 0.296588 -0.314883
-0.68981 0.642401 -0.33389
0.245917 0.133005 0.960122
-0.481022 0.263185 0.836272
-0.363271 0.338996 0.867822
0.481775 -0.689992 0.540188
0.364118 -0.845853 0.389807
0.566672 -0.470757 0.676218
0.060098 0.260034 0.963727
0.531842 -0.00542089 0.846826
0.525962 0.163185 0.834707
0.138869 -0.73814 0.660201
0.136318 -0.739293 0.659442
-0.221625 -0.613573 -0.757899
-0.703007 0.498396 -0.50733
0.157082 0.22618 0.961337
0.192669 0.0228343 0.980998
-0.47607 -0.479363 -0.737271
-0.512422 -0.451676 -0.730351
-0.85978 0.497831 0.113767
-0.220891 0.242367 0.944704
-0.112458 0.281996 0.952802
-0.998451 -0.0210875 0.0514774
0.599662 0.504865 0.620899
-0.813363 0.0370111 0.580577
0.955633 0.292007 0.0387042
-0.454123 0.451794 0.76789
-0.608503 0.36982 0.702109
-0.684587 0.677802 -0.26819
-0.64904 0.710483 -0.27196
-0.652653 0.668594 0.356408
-0.119566 0.630418 0.766993
0.344033 0.125119 0.930584
0.250876 0.0149998 -0.967903
0.211771 0.150126 -0.96572
-0.162878 -0.253435 -0.953541
-0.187286 -0.258181 -0.947769
-0.00662079 0.00553723 0.999963
0.0197178 -0.0186814 0.999631
-0.554532 0.83048 -0.0528869
0.469189 -0.00663513 -0.883073
0.460854 0.0879681 -0.883105
0.461334 0.759291 -0.458964
0.409539 0.757397 -0.508555
-0.754109 -0.374325 -0.53963
-0.403077 0.418351 -0.813948
0.445032 -0.232994 -0.864674
0.39006 0.0998206 -0.915363
0.964781 0.260512 0.0364869
0.376597 0.457628 0.805451
0.407852 0.438818 0.800684
0.0586389 0.095535 0.993697
-0.254759 0.905695 0.338842
-0.346215 -0.931232 0.113763
-0.544763 -0.837551 0.0417289
0.634444 -0.0671167 -0.77005
0.970332 0.229748 -0.0753068
0.814993 0.563386 -0.135581
0.296118 -0.151652 0.943036
0.165747 -0.180847 0.969444
0.68844 -0.711577 -0.140386
0.416314 0.0395277 -0.908361
0.333618 0.2067 -0.919768
0.868856 0.38448 -0.311873
0.822326 0.461684 -0.332607
-0.084566 0.884145 0.459496
-0.456502 0.695552 0.55481
-0.925993 -0.374742 0.0458913
-0.968819 -0.244126 0.0423286
0.216782 0.0281472 -0.975814
0.22794 -0.0902794 -0.969481
0.129716 0.150114 -0.980122
0.896469 0.326031 0.300079
0.977512 -0.0251585 0.209374
-0.186694 -0.885399 -0.425692
-0.955678 0.293065 0.028157
-0.995148 0.0926199 0.0331986
-0.0744429 -0.996335 -0.0421302
0.272371 -0.0562483 0.960547
0.265422 0.0140723 0.96403
-0.660599 0.731924 0.167021
-0.814875 0.523776 0.24827
0.275852 0.741653 -0.611438
0.648117 0.537844 -0.539136
0.974966 0.0106128 -0.222098
0.89228 0.348875 -0.286571
0.320754 -0.464538 0.825422
0.840894 0.476976 -0.255715
-0.585245 -0.207202 -0.783936
-0.432094 -0.383046 -0.816437
-0.125096 -0.313176 -0.94142
0.324065 -0.891047 -0.317833
0.484772 0.3306 -0.809753
0.518456 0.289914 -0.804458
0.206521 -0.0411399 0.977577
0.205376 -0.0324363 0.978145
-0.646069 -0.457228 -0.611177
0.21007 0.56672 -0.79668
-0.106242 0.530022 -0.841302
0.0615614 0.028393 -0.997699
0.0459647 -0.153628 -0.987059
-0.0746522 -0.197868 -0.977382
-0.40404 0.782949 -0.473014
-0.903729 -0.409721 0.124106
-0.731568 -0.677833 -0.0731465
-0.339667 -0.114275 -0.933578
0.023818 -0.115447 -0.993028
-0.0787662 -0.0942552 -0.992427
0.778664 -0.196981 -0.595718
0.752228 0.153581 -0.640755
0.513827 -0.137994 -0.846723
-0.183246 0.748619 -0.637174
0.0766805 -0.269341 -0.959987
0.0773264 -0.268971 -0.960039
0.788746 0.216531 -0.575321
0.579859 0.485053 -0.654589
-0.295396 0.840446 -0.454304
-0.329614 0.467535 -0.820223
-0.159016 0.570629 -0.805666
-0.230783 -0.098999 0.967956
0.526569 -0.518302 -0.673861
0.0312726 0.0893047 0.995513
-0.13264 0.00904075 0.991123
-0.47457 0.675452 -0.564401
-0.463505 -0.166556 -0.8703
-0.45876 -0.184466 -0.869202
0.0971295 -0.318018 -0.943096
0.787699 0.18682 -0.587051
0.629368 -0.690627 0.356273
0.548444 -0.780262 0.300668
0.00822534 0.999966 -0.000465471
0.905274 -0.418353 0.0738915
-0.485003 -0.586193 -0.64896
-0.243845 0.235881 0.940691
-0.0010815 0.287936 0.957649
-0.731604 -0.109839 0.672824
-0.606884 -0.470118 0.640844
-0.447287 -0.0629069 -0.892175
-0.467152 0.311774 -0.827385
-0.763834 0.205689 -0.61176
-0.727794 0.276557 -0.627561
0.106428 0.989796 -0.0947511
0.143534 0.987707 -0.0619099
0.234463 0.949647 0.207843
0.386152 0.882206 0.269443
-0.102598 0.203385 -0.973708
-0.926769 0.374844 0.024314
-0.0418214 0.199026 -0.979102
0.09357 0.212586 -0.972652
-0.0241763 0.235412 0.971595
0.118035 0.229699 0.966078
-0.802517 -0.590879 -0.0826402
-0.0133981 -0.0281212 -0.999515
-0.0701291 0.0189571 -0.997358
-0.0638731 0.250478 -0.966013
-0.135299 0.269724 -0.953385
-0.0483193 0.225708 -0.972996
-0.502589 0.235638 -0.831793
-0.472753 0.326856 -0.818333
-0.364912 0.29597 0.882746
0.770812 -0.0938732 0.630108
0.76399 0.0952247 0.638163
-0.257579 0.905759 0.336531
-0.255341 0.906462 0.336345
0.321193 -0.382391 -0.866379
0.525635 -0.235118 -0.817574
-0.160367 -0.332687 -0.929302
0.00871657 -0.363811 -0.931432
0.385091 -0.700317 -0.60105
0.741646 -0.37517 -0.556065
-0.713369 0.542797 -0.443256
-0.743232 0.448444 -0.496492
0.455327 -0.626621 -0.632474
0.411904 0.339092 -0.845785
0.617763 0.113428 -0.778141
-0.625353 -0.476646 -0.617852
0.263536 -0.220372 -0.939141
0.177218 -0.32453 -0.929126
0.732256 0.224218 0.643061
0.218465 -0.909829 -0.352823
-0.180046 0.662248 -0.727332
-0.0205403 0.755205 -0.655167
-0.290586 -0.151226 -0.944823
-0.251085 -0.234964 -0.939014
-0.200426 -0.102918 0.974288
0.0557507 0.173147 0.983317
0.745486 -0.0951169 -0.6597
0.746455 -0.0708135 -0.661657
0.166993 -0.179335 0.969511
0.190152 -0.396303 -0.898213
0.255712 -0.380439 -0.888751
-0.31217 0.169526 -0.934779
-0.229851 -0.206512 -0.951063
0.941354 -0.23864 -0.238544
0.943217 -0.230786 -0.238913
-0.843634 -0.425113 -0.327963
-0.803878 -0.49642 -0.327639
-0.725227 0.667127 0.170259
-0.80132 0.535225 0.267245
-0.0461627 0.91629 0.397846
0.406698 0.791188 0.456747
0.665773 0.7161 0.209634
0.881074 0.433761 0.188574
-0.137737 -0.0614156 -0.988563
-0.0860587 0.112768 -0.989888
0.503828 0.692049 -0.516938
-0.71457 0.584431 -0.384487
-0.428684 0.7498 -0.504014
0.121212 -0.27766 -0.953002
-0.0251244 -0.293115 -0.955747
0.805482 -0.536714 0.25127
0.975657 -0.2115 0.0579789
0.987269 0.120274 -0.104088
0.966942 -0.253587 0.0267688
-0.966095 -0.213685 -0.144911
-0.275928 -0.804809 0.525496
-0.881797 0.407706 0.237085
-0.993595 -0.0664109 -0.0914202
-0.985399 -0.163169 -0.0486361
0.131449 -0.96036 0.245826
0.0700022 -0.974165 0.214716
0.483333 0.799881 0.355781
0.173875 -0.213637 -0.961315
0.240206 -0.18491 -0.952948
0.836938 -0.36361 -0.409052
0.869575 -0.0846017 -0.4865
-0.140142 0.540462 0.829615
-0.470236 0.400493 0.786437
0.229657 -0.960236 0.158758
0.19305 -0.108427 -0.97518
-0.984445 0.0187512 0.174692
-0.677291 0.156751 0.718823
-0.621127 -0.00531152 0.783692
0.0776582 -0.642816 -0.762074
-0.245869 -0.263491 0.932803
-0.141198 -0.352157 0.925229
0.363001 0.503996 -0.78372
0.411888 0.37765 -0.829294
-0.257884 -0.815847 0.517581
-0.0950603 0.328002 -0.939882
-0.224508 0.201942 -0.953318
-0.298245 -0.639428 0.708647
-0.311709 -0.629106 0.712083
-0.35914 0.444428 -0.820672
-0.458473 0.345925 -0.81862
-0.799083 -0.272717 -0.53581
0.220152 -0.909026 -0.353842
0.247276 -0.648053 -0.720335
0.227289 -0.659035 -0.716946
0.140798 -0.927097 -0.347372
0.0600552 0.604877 0.794051
0.418401 0.543019 0.72806
0.62499 -0.693383 0.358619
-0.0825073 0.948521 -0.305777
0.302996 0.925706 -0.226412
-0.948041 -0.316181 0.0353141
0.734781 -0.656442 -0.170822
0.591987 -0.381477 0.709948
0.620459 -0.419164 -0.662822
0.604569 -0.477687 -0.637425
0.724375 -0.414591 -0.550813
0.756047 -0.32698 -0.566989
0.144624 0.56869 0.809738
-0.218955 0.623227 0.750764
0.669106 -0.626746 0.399358
0.188583 0.0209944 -0.981833
-0.0193974 0.249366 -0.968215
0.0702272 0.794408 -0.603312
0.164761 0.818069 -0.551015
-0.0203431 0.883299 -0.468369
-0.617199 0.718456 0.320759
-0.744349 0.411915 0.525615
-0.751536 0.377844 0.540766
-0.542446 0.179495 0.820691
-0.0578418 -0.844768 -0.531997
-0.659102 -0.421288 -0.622977
-0.845971 -0.0724488 -0.528284
-0.590848 0.806031 -0.0348216
-0.240342 0.957009 -0.162386
-0.434705 0.892166 0.122761
-0.424673 0.897218 0.121052
-0.305716 0.921595 -0.239166
-0.317485 0.918126 -0.237165
-0.510276 0.674403 -0.533666
-0.350056 0.751899 -0.558667
-0.365125 0.733654 -0.573093
-0.609179 0.300642 0.733836
-0.0861639 0.860308 -0.50244
-0.179061 -0.653991 -0.735005
0.0865267 -0.632471 -0.769736
0.840748 -0.52231 -0.142601
0.803775 -0.487175 0.341478
0.770445 -0.569297 0.286905
0.792029 -0.60346 -0.0923398
0.805588 -0.292105 0.515464
0.826496 -0.460216 0.3242
0.853169 -0.177134 0.490638
0.853972 -0.239395 0.461977
0.483717 -0.339537 0.80668
0.613527 -0.195935 0.76498
0.567255 -0.821481 -0.0582277
0.516676 -0.850517 -0.0983214
-0.0819133 0.00110693 0.996639
-0.857965 0.495288 0.136332
-0.979366 0.041611 0.197762
-0.0442156 -0.0892743 0.995025
-0.0674892 0.0732293 0.995029
0.408821 0.912385 0.0204549
0.41671 0.908754 0.0227645
0.469225 -0.448655 0.760616
0.296017 -0.485772 0.822435
0.604934 0.792916 -0.0730705
0.184193 0.13921 -0.972982
0.254332 -0.0814527 -0.963681
-0.138133 -0.267139 -0.953707
-0.0934781 0.04046 -0.994799
-0.0114986 0.13636 -0.990593
0.792481 0.575576 0.201709
0.282166 -0.766114 0.577453
0.429151 -0.711419 0.556518
0.629981 0.48263 0.608435
0.646905 0.378755 0.66186
0.616121 0.675644 -0.404847
0.617729 0.67389 -0.405319
-0.111428 -0.611993 -0.782974
0.374361 0.209852 0.903225
0.242129 0.421466 0.873922
-0.224927 -0.800511 -0.555509
-0.348928 -0.784308 -0.512943
-0.819834 -0.238933 -0.520368
-0.256924 0.834926 -0.486713
0.0496636 0.900844 -0.431294
0.117183 -0.585096 -0.802453
0.329295 0.666576 -0.668761
0.109056 0.687658 -0.717797
0.440018 0.897955 0.00782631
0.755469 0.653791 0.0427073
-0.64401 0.287007 0.709139
0.347275 -0.893843 0.283627
0.288116 -0.914113 0.285282
-0.017656 0.139143 -0.990115
-0.0355105 0.482942 -0.874932
-0.260562 0.10323 0.959922
-0.210838 0.21531 0.953514
0.89104 0.228497 0.392219
0.734745 0.524865 0.429728
0.325986 0.0662552 -0.94305
0.120193 0.209706 -0.970349
0.193431 0.154078 -0.96894
0.161815 0.217644 -0.962521
0.0855871 0.215968 -0.972642
0.168495 0.468644 0.867169
0.0273773 0.466954 0.883858
0.0316713 -0.999445 0.0103565
-0.698532 -0.688293 -0.195718
0.433467 0.524322 0.732934
-0.501898 -0.250945 -0.827722
-0.525103 -0.194189 -0.828588
0.267129 0.928571 0.257677
0.560525 0.779595 0.279362
-0.828453 -0.551127 -0.09962
-0.144019 -0.154654 -0.977415
-0.355245 -0.238475 0.903842
-0.418399 -0.191384 0.887871
-0.416686 -0.196563 0.887545
-0.364826 -0.464961 0.806668
-0.423766 -0.404282 0.810542
0.000266222 -0.886827 -0.462101
-0.00875626 -0.888275 -0.459229
0.296258 0.862099 -0.411116
0.266958 0.864008 -0.426877
-0.728808 -0.207684 0.652461
0.665705 0.291925 0.686743
0.519016 0.557868 0.647615
-0.848427 -0.381182 0.367251
-0.795189 -0.491483 0.355133
0.115397 0.0533733 0.991884
-0.97558 0.141084 0.16834
-0.031622 0.00449635 -0.99949
-0.727083 -0.0644678 -0.683516
-0.720998 -0.120768 -0.682332
0.142126 -0.00984383 0.9898
-0.724716 0.168788 -0.668054
-0.121503 -0.236223 0.964072
-0.298129 0.954524 -0.00192939
-0.61051 0.757722 0.230509
-0.219321 0.974766 0.0415783
-0.146512 0.263701 -0.953413
0.143514 0.970873 0.191856
-0.341607 0.925938 0.161071
0.37424 -0.0683645 0.924808
0.278099 -0.154163 0.948101
0.539366 0.821113 -0.1867
0.322011 0.91543 -0.241448
-0.779681 -0.297068 0.551225
-0.855016 -0.0906253 0.510621
-0.278316 0.00879063 0.960449
-0.797586 -0.196261 0.570384
-0.909597 0.0371141 -0.413832
-0.908905 -0.0739387 -0.410396
0.854345 0.439376 -0.277566
0.61335 0.707495 -0.351073
-0.0772987 -0.852643 -0.516745
0.0741899 -0.0363455 -0.996582
-0.00517626 0.0417213 -0.999116
0.432571 0.768015 0.472267
0.630095 0.531556 0.566064
-0.656423 -0.656715 0.371262
-0.0859868 -0.628502 -0.77304
0.579166 0.328291 -0.746185
0.38288 0.507162 -0.772133
0.192332 0.516175 -0.834609
-0.370199 0.104018 -0.923111
-0.31039 -0.0944052 -0.94591
0.942611 0.0882362 0.322024
0.929965 0.196643 0.310638
-0.112264 0.155416 -0.981449
-0.0999741 0.0523509 -0.993612
-0.164779 -0.0561593 -0.98473
-0.0318158 -0.00616865 -0.999475
0.174213 0.548064 -0.818092
0.210229 0.517304 -0.829579
-0.0875424 0.0327075 0.995624
-0.372059 -0.92739 -0.0389967
-0.234134 -0.97009 0.0640834
-0.141361 -0.227261 0.963519
-0.24996 -0.00256695 0.968253
-0.137419 -0.79241 0.594309
-0.146099 -0.989091 0.0188087
-0.169264 -0.985541 0.00759829
-0.58644 -0.752489 -0.299748
-0.737659 -0.486814 0.467836
-0.645681 -0.58116 0.495327
-0.0219611 -0.472621 0.880992
0.0804244 0.22391 -0.971286
-0.0276873 0.232671 -0.972161
-0.119875 -0.312285 -0.942395
-0.127129 -0.306406 -0.943373
-0.674068 -0.515182 0.529357
-0.381268 -0.600295 -0.703051
-0.495181 -0.816834 -0.295934
-0.0118912 -0.576118 -0.81728
0.818841 -0.038305 0.572741
0.711201 0.134041 0.690092
0.0785612 -0.642603 -0.762161
0.197983 -0.910127 -0.363968
-0.327018 -0.717721 -0.614765
-0.298418 -0.721865 -0.624385
-0.510375 -0.826322 0.238138
-0.657372 -0.731464 -0.181168
-0.6639 -0.726495 -0.177316
-0.454322 -0.775575 0.438263
-0.552034 -0.663388 0.505148
0.0770485 -0.170584 -0.982326
-0.00105281 -0.129925 -0.991523
0.0500734 -0.0807443 0.995476
0.0520351 0.107034 0.992893
0.016311 -0.0914247 0.995678
0.92341 -0.153391 0.351831
0.928504 -0.119079 0.351712
0.964673 -0.19455 -0.177639
-0.590727 0.0375663 0.805997
-0.517106 -0.122966 0.847042
0.989366 -0.0316412 -0.141967
-0.28092 -0.276352 0.919083
-0.432847 0.0662528 0.899029
-0.877124 -0.173185 0.447951
-0.917964 0.178464 0.354249
0.638639 -0.0847845 0.764821
0.0400276 0.802301 -0.595577
-0.070232 0.439216 -0.895632
0.183352 0.459488 -0.869053
-0.200138 -0.0441631 0.978772
-0.233676 0.0495403 0.971052
-0.130099 -0.231434 0.964112
0.429822 -0.739283 -0.518376
0.3929 -0.757571 -0.521265
0.351102 0.836324 -0.421058
0.642754 -0.124222 0.755934
0.489516 -0.16293 0.856638
-0.0598246 0.02241 0.997957
-0.0678267 -0.000393525 0.997697
-0.0663915 -0.418332 0.905864
-0.160396 -0.393919 0.905042
-0.307396 -0.413927 -0.856838
-0.0968568 -0.49534 -0.863283
0.0476364 -0.709434 0.70316
-0.0439758 -0.856393 0.514449
-0.0945646 -0.858121 0.504665
0.705455 0.0617406 0.70606
0.550971 0.29591 0.7803
0.549278 0.334593 0.765729
0.310783 0.0113485 0.950413
0.374368 -0.0481171 0.926031
-0.844024 -0.0713403 0.531539
0.507237 -0.861791 0.0051943
0.760788 0.401505 0.509897
0.833508 0.266034 0.484241
0.808162 0.559186 0.18489
0.291135 -0.956449 0.0211297
-0.0590447 -0.996505 -0.0590839
-0.131725 -0.990957 -0.02554
0.0432045 -0.930246 -0.364384
-0.328138 -0.91134 -0.248565
0.119417 -0.281018 0.952244
0.0226961 -0.288311 0.957268
0.0561885 -0.0168362 0.998278
-0.0202346 0.0961503 0.995161
0.0856922 0.103427 0.990939
0.733714 -0.64323 0.218904
0.589958 -0.802276 0.0911207
0.818118 -0.575031 0.00459619
0.711455 -0.648818 -0.269939
0.894261 -0.290369 -0.340564
-0.855615 0.347625 -0.38351
-0.853968 0.354905 -0.3805
-0.545509 0.227272 -0.806702
